-1001270882022,
-1001356384311,
-1001286958441,
-1001165923730,
-1001176450565,
-1001492355131,
-1001597735706,
-1001299001936,
-1001126773127,
-1001290667796,
-1001289116774,
-1001352888109,
-1001294002492,
-1002003373365,
-1001244821023,
-1001153226199,
-1001156085174,
-1001202924331,
-1001381593979,
-1001249137625,
-1001469909193,
-1001323663448,
-1001213893762,
-1001489769958,
-1001477061885,
-1001224746863,
-1001422715339,
-1001362571401,
-1001307721972,
-1001797806858,
-1001376373789,
-1001241519750,
-1001791417681,
-1001260109023,
-1001680857387,
-1001646464295,
-1001279098535,
-1001557418620,
-1001450659212,
-1001647017134,
-1001907592594,
-1001499076337,
-1001355938865,
-1001482762230,
-1001425689258,
-1001205908792,
-1001482735957,
-1001660156161,
-1001183423979,
-1001154176131,
-1001525564483,
-1002008294417,
-1001373960830,
-1001192013020,
-1001361080895,
-1001350962896,
-1001284505763,
-1001249890496,
-1001228863465,
-1001188088738,
-1002124323327,
-1001141001708,
-1001302273535,
-1002106722731,
-1001498825778,
-1001627851252,
-1002016836091,
-1001170524919,
-1001542814253,
-1001395018569,
-1001788773813,
-1001332441846,
-1001487252924,
-1002006451874,
-1001324109551,
-1001238789742,
-1001816406608,
-1001351306848,
-1001247835711,
-1002001341234,
-1001300707938,
-1001327217499,
-1002072039060,
-1001181733520,
-1001403324081,
-1001720934216,
-1001547249535,
-1001198134314,
-1001192250225,
-1001443421880,
-1001388719325,
-1001420076815,
-1001822092464,
-1001425178307,
-1001366496718,
-1001371622567,
-1001175415432,
-1001267349485,
-1001408346774,
-1001768477791,
-1001260783152,
-1001276963251,
-1001414517038,
-1001150899525,
-1001267090739,
-1001345016299,
-1001164437749,
-1001962272807,
-1001227719435,
-1001303078698,
-1001272084230,
-1001379653262,
-1001558491729,
-1001429629471,
-1002047616898,
-1001126405856,
-1001762386112,
-1001317491367,
-1002088094928,
-1001409169292,
-1001668247097,
-1001339118445,
-1001755574426,
-1001455770137,
-1001454293293,
-1001195077908,
-1001493945251,
-1001305843238,
-1001421442313,
-1001379141615,
-1001275582368,
-1001292847261,
-1001451114490,
-1001395916357,
-1001234784504,
-1001377051060,
-1001489934175,
-1001355156600,
-1001322105588,
-1001470149460,
-1001153705622,
-1001477511942,
-1001244104396,
-1001337148218,
-1001339927577,
-1001123171483,
